 873457894589734002001
   897234478923478010003
       893478954789534005006
       348953789453789004003
    793455793789345004003
 345978978345897002002
       789478923478923004003
  897345789534789004003
     894579345789478005005
    348957789345394002002
 .. 897478954789345005005
 987345789345978002002
   .. 893457789345895005006
      897345789548975004003
    789344579334597005006
       389457789345789001001
     347803457893458007006
  345879485789345007006
 497878957894539007006
  789345789578934007006
      789345794539785001001
  279247892347893001002
  .. 347895789453897008007
  978345975347895010002
      783457895347894001002
 897345789457894008007
      978345985347893008008
      894587945789457008008
   890345789537895001002
      789345789345978008007
  235089578958467010003
  489575789457893010002
      938457895348975001003
   .. 345897789345789010002
      278448972345854002001
 .. 345785346786783001001
     000142909834573010003
   .. 987345897345897002001
  .. 324789923478789001003
 893475897453897005005
